x1=-4.384236
 x2=-5.615764